# One real CSI instance — ESP32-C5 Method 4.3 (csi_recv)
# captured_from=/dev/cu.usbmodem2101 baud=115200

## CSV header
type,seq,mac,rssi,rate,noise_floor,fft_gain,agc_gain,channel,local_timestamp,sig_len,rx_format,len,first_word,data

## Raw line
CSI_DATA,115666,1a:00:00:00:00:00,-30,11,-99,17,18,11,1235336224,47,2,234,0,"[-1,10,-2,10,-2,9,-4,10,-3,10,-5,10,-5,10,-6,10,-6,10,-6,8,-6,9,-6,8,-5,8,-5,9,-6,8,-6,9,-6,9,-5,9,-5,9,-5,8,-5,10,-5,10,-5,10,-5,10,-5,10,-5,10,-5,11,-5,11,-5,11,-5,11,-5,11,-5,12,-5,12,-5,13,-5,13,-6,14,-6,14,-5,15,-5,15,-5,15,-5,17,-5,16,-6,18,-6,18,-6,18,-6,19,-6,20,-7,21,-7,21,-6,21,-6,23,-8,23,-8,23,-8,23,-6,23,-8,23,-8,24,0,0,0,0,0,0,26,9,25,9,25,9,24,11,23,11,23,11,23,10,23,11,22,11,21,11,20,11,20,11,19,10,19,10,18,9,18,10,18,8,17,8,17,8,16,8,16,7,17,6,15,7,16,6,16,6,15,6,15,7,15,6,14,6,15,6,14,7,13,7,13,6,14,6,13,6,13,6,13,6,13,7,13,6,12,7,11,6,13,7,13,6,12,7,11,8,11,7,12,8,11,8,10,8,10,9,10,9,8,9,8,8,7,8,7,9,6,9,6,8]"

## Metadata
type=CSI_DATA
seq=115666
mac=1a:00:00:00:00:00
rssi=-30
rate=11
noise_floor=-99
fft_gain=17
agc_gain=18
channel=11
local_timestamp=1235336224
sig_len=47
rx_format=2
len=234
first_word=0

## CSI vector
len=234 signed ints
iq_pairs=117

## Flat ints (csi[0]..csi[n-1])  order: imag,real,imag,real,...
-1,10,-2,10,-2,9,-4,10,-3,10,-5,10,-5,10,-6,10,-6,10,-6,8,-6,9,-6,8,-5,8,-5,9,-6,8,-6,9,-6,9,-5,9,-5,9,-5,8,-5,10,-5,10,-5,10,-5,10,-5,10,-5,10,-5,11,-5,11,-5,11,-5,11,-5,11,-5,12,-5,12,-5,13,-5,13,-6,14,-6,14,-5,15,-5,15,-5,15,-5,17,-5,16,-6,18,-6,18,-6,18,-6,19,-6,20,-7,21,-7,21,-6,21,-6,23,-8,23,-8,23,-8,23,-6,23,-8,23,-8,24,0,0,0,0,0,0,26,9,25,9,25,9,24,11,23,11,23,11,23,10,23,11,22,11,21,11,20,11,20,11,19,10,19,10,18,9,18,10,18,8,17,8,17,8,16,8,16,7,17,6,15,7,16,6,16,6,15,6,15,7,15,6,14,6,15,6,14,7,13,7,13,6,14,6,13,6,13,6,13,6,13,7,13,6,12,7,11,6,13,7,13,6,12,7,11,8,11,7,12,8,11,8,10,8,10,9,10,9,8,9,8,8,7,8,7,9,6,9,6,8

## Amplitudes (117)  hypot(real,imag) per pair
10.049876,10.198039,9.219544,10.770330,10.440307,11.180340,11.180340,11.661904,11.661904,10.000000,10.816654,10.000000,9.433981,10.295630,10.000000,10.816654,10.816654,10.295630,10.295630,9.433981,11.180340,11.180340,11.180340,11.180340,11.180340,11.180340,12.083046,12.083046,12.083046,12.083046,12.083046,13.000000,13.000000,13.928388,13.928388,15.231546,15.231546,15.811388,15.811388,15.811388,17.720045,16.763055,18.973666,18.973666,18.973666,19.924859,20.880613,22.135944,22.135944,21.840330,23.769729,24.351591,24.351591,24.351591,23.769729,24.351591,25.298221,0.000000,0.000000,0.000000,27.513633,26.570661,26.570661,26.400758,25.495098,25.495098,25.079872,25.495098,24.596748,23.706539,22.825424,22.825424,21.470911,21.470911,20.124612,20.591260,19.697716,18.788294,18.788294,17.888544,17.464249,18.027756,16.552945,17.088007,17.088007,16.155494,16.552945,16.155494,15.231546,16.155494,15.652476,14.764823,14.317821,15.231546,14.317821,14.317821,14.317821,14.764823,14.317821,13.892444,12.529964,14.764823,14.317821,13.892444,13.601471,13.038405,14.422205,13.601471,12.806248,13.453624,13.453624,12.041595,11.313708,10.630146,11.401754,10.816654,10.000000

## Phases radians (117)  atan2(imag,real) per pair
-0.099669,-0.197396,-0.218669,-0.380506,-0.291457,-0.463648,-0.463648,-0.540420,-0.540420,-0.643501,-0.588003,-0.643501,-0.558599,-0.507099,-0.643501,-0.588003,-0.588003,-0.507099,-0.507099,-0.558599,-0.463648,-0.463648,-0.463648,-0.463648,-0.463648,-0.463648,-0.426627,-0.426627,-0.426627,-0.426627,-0.426627,-0.394791,-0.394791,-0.367174,-0.367174,-0.404892,-0.404892,-0.321751,-0.321751,-0.321751,-0.286051,-0.302885,-0.321751,-0.321751,-0.321751,-0.305879,-0.291457,-0.321751,-0.321751,-0.278300,-0.255182,-0.334737,-0.334737,-0.334737,-0.255182,-0.334737,-0.321751,0.000000,0.000000,0.000000,1.237552,1.225241,1.225241,1.141034,1.124691,1.124691,1.160669,1.124691,1.107149,1.088283,1.067953,1.067953,1.086318,1.086318,1.107149,1.063698,1.152572,1.130954,1.130954,1.107149,1.158386,1.231504,1.134169,1.212026,1.212026,1.190290,1.134169,1.190290,1.165905,1.190290,1.107149,1.076855,1.138389,1.165905,1.138389,1.138389,1.138389,1.076855,1.138389,1.042722,1.071450,1.076855,1.138389,1.042722,0.942000,1.004067,0.982794,0.942000,0.896055,0.837981,0.837981,0.726642,0.785398,0.718830,0.661043,0.588003,0.643501

